32
53
50
19
33
54
2
13
26
60
1
6
58
48
40
9
9
32
44
57
61
49
42
59
2
57
10
36
33
54
16
61
28
43
55
59
26
1
32
6
40
26
52
30
14
23
50
57
63
22
45
23
44
50
48
54
17
45
0
21
50
57
37
30
17
14
41
22
28
10
37
37
7
41
51
15
28
50
18
24
47
36
37
59
26
56
55
12
4
0
25
34
35
60
58
22
39
53
28
18
63
14
35
29
32
39
31
33
26
5
35
9
41
38
18
55
52
27
18
55
24
34
59
59
18
18
0
10
16
47
1
31
51
2
50
33
12
37
63
27
26
52
31
37
55
18
40
44
38
59
49
41
22
28
5
51
3
2
50
27
29
37
17
62
46
24
51
43
21
42
63
46
26
47
45
8
15
34
28
16
60
49
2
2
3
12
54
39
18
1
18
6
52
36
26
57
15
27
34
60
24
50
5
22
56
39
12
32
29
2
17
38
55
29
20
49
28
21
37
62
33
21
18
52
6
62
40
17
56
49
43
37
30
57
17
53
22
37
56
55
33
30
51
63
4
42
55
41
52
21
56
61
50
55
26
47
30
46
16
16
36
41
28
34
9
47
54
25
41
60
21
40
33
9
3
47
46
14
9
27
14
0
43
25
26
35
31
63
11
44
41
29
44
8
12
56
56
62
56
20
22
46
52
12
35
12
57
11
46
39
51
0
34
27
52
28
55
22
37
48
28
59
29
31
26
42
24
23
29
56
38
58
6
16
14
27
22
61
58
32
18
34
13
23
30
55
25
60
29
39
27
42
36
25
41
31
59
42
28
16
0
17
62
32
55
49
1
0
42
41
5
37
27
46
46
42
49
31
7
27
28
44
35
3
36
23
57
38
58
57
41
55
59
48
37
46
56
4
36
4
53
39
42
25
37
60
10
5
14
45
59
28
34
22
32
4
0
55
17
18
14
39
30
7
2
32
46
10
4
56
54
4
25
44
31
17
44
12
21
8
41
16
34
56
59
1
39
47
59
59
40
13
52
22
53
38
17
46
51
49
44
52
40
34
11
45
35
39
63
27
61
46
3
8
16
49
39
60
50
38
23
15
50
49
21
56
25
48
16
60
49
4
31
45
59
61
36
20
5
5
22
34
7
31
10
41
47
12
9
14
43
26
9
39
23
6
36
30
3
45
49
52
38
62
47
50
61
58
33
13
29
63
55
63
30
21
58
52
38
43
44
61
29
38
30
2
20
49
49
63
14
31
15
41
34
25
41
62
63
54
12
14
1
3
49
51
37
43
51
34
17
51
13
7
23
20
32
42
12
24
45
36
1
50
25
16
27
50
50
42
19
50
34
4
30
14
15
15
23
44
44
34
9
14
4
25
26
28
62
23
33
13
4
0
42
61
6
63
30
9
15
7
26
61
50
50
21
43
2
0
4
40
53
56
45
21
45
2
5
36
14
63
53
49
26
62
39
40
27
63
52
23
13
24
46
41
15
28
1
53
61
61
18
27
23
48
37
51
8
58
38
3
29
26
32
27
42
18
14
11
52
3
50
24
36
15
2
40
36
20
28
52
55
20
33
7
47
61
62
2
2
42
15
26
34
49
24
53
60
16
3
42
51
53
48
3
23
63
58
33
6
51
24
8
59
26
35
16
45
47
18
53
38
7
17
21
61
61
58
26
29
28
17
53
46
43
6
9
58
45
1
25
4
40
4
17
61
61
16
16
44
19
2
47
1
36
23
39
54
34
26
36
33
56
42
52
20
40
33
24
15
20
1
63
44
9
16
7
41
36
23
60
27
44
23
20
57
22
22
24
33
59
51
4
56
17
19
11
12
27
21
22
39
29
9
37
42
43
48
3
2
3
63
37
30
22
29
56
42
11
63
41
12
17
32
43
11
53
26
46
41
58
11
9
6
3
7
10
24
18
36
28
54
58
2
38
23
39
34
29
54
51
55
9
37
50
63
13
60
27
26
44
35
36
1
21
42
59
10
32
60
62
58
47
25
41
23
24
61
61
28
25
48
57
57
0
36
59
34
38
53
0
45
38
60
28
15
26
43
59
26
31
24
60
25
59
40
49
12
49
18
35
55
18
40
21
21
54
15
37
6
35
46
8
53
20
30
35
46
34
16
19
34
52
33
48
20
12
10
52
57
38
13
50
0
60
9
55
42
38
36
31
7
53
19
54
11
17
11
5
27
52
12
6
45
12
41
59
0
58
46
13
0
43
52
34
21
58
41
0
31
53
14
54
9
26
1
23
19
19
8
50
13
41
8
0
13
16
12
31
44
17
50
18
52
49
32
51
24
41
30
62
14
4
48
28
22
44
32
16
22
62
27
19
7
60
26
10
21
46
46
15
21
17
60
48
45
21
32
22
33
36
43
49
12
44
20
60
36
3
36
59
58
23
57
39
20
23
7
48
0
13
47
18
52
11
15
48
8
52
32
44
39
33
61
53
59
25
3
23
35
49
20
53
28
17
3
28
42
59
45
4
63
31
0
29
22
12
54
60
25
16
2
24
59
15
1
22
18
20
43
19
6
21
8
47
63
49
20
17
10
15
15
54
20
35
21
16
18
9
52
53
33
50
40
35
3
26
16
12
61
56
29
23
26
24
36
35
60
26
8
49
44
17
49
38
10
12
13
15
0
62
42
62
15
45
10
32
45
56
43
28
47
0
39
16
21
17
48
17
27
38
31
61
6
22
27
10
50
58
32
5
40
56
30
39
58
55
11
27
26
23
29
12
8
6
1
14
30
5
1
60
4
32
10
41
49
49
11
36
29
15
28
19
45
58
1
45
25
48
5
17
45
48
11
18
36
54
50
17
5
49
62
18
44
19
2
52
62
57
45
1
62
33
47
1
47
60
21
13
33
25
52
23
40
57
17
13
57
51
