636
652
944
70
785
562
1002
720
19
506
941
41
876
630
615
550
59
749
484
39
481
925
714
683
636
395
594
880
106
651
887
553
844
948
418
498
839
14
659
636
427
549
552
42
221
974
290
848
699
398
907
587
504
762
430
531
184
464
619
410
419
252
666
41
871
524
503
830
505
734
157
217
274
37
379
780
175
96
343
153
874
133
743
495
288
334
718
707
418
218
973
679
548
1006
106
667
195
143
985
319
156
158
443
686
821
880
705
945
416
210
992
240
55
888
695
416
886
231
720
28
951
867
329
421
438
557
194
263
16
383
575
212
709
610
265
166
302
466
942
92
411
248
261
698
491
506
715
781
182
55
1017
651
678
521
592
597
349
367
1021
767
641
656
780
384
323
30
906
911
301
307
403
781
359
468
82
266
897
246
281
588
264
197
412
386
409
323
337
302
92
647
607
977
927
903
152
804
157
302
398
436
64
708
675
655
881
722
970
287
396
792
520
569
249
308
132
8
918
747
488
706
9
705
26
369
564
727
851
110
594
938
710
624
785
349
368
214
969
981
83
979
881
699
353
364
467
1016
259
907
674
923
282
691
830
83
975
349
791
688
1017
848
403
733
694
587
153
245
677
953
360
408
186
300
283
735
870
517
374
505
359
993
668
750
493
147
93
102
32
235
597
501
776
716
956
151
387
310
1011
577
448
633
605
659
549
741
379
705
916
639
819
813
263
115
916
995
903
512
207
38
213
987
443
184
699
776
237
11
938
554
458
78
285
699
848
697
313
402
951
892
978
480
328
926
16
563
976
765
748
430
193
579
808
403
110
94
367
645
364
743
400
942
302
827
318
624
644
112
394
431
737
358
382
342
1021
77
915
818
446
445
459
422
215
676
886
124
1001
780
699
752
9
821
57
825
774
61
796
873
403
298
543
469
900
180
811
162
700
561
798
29
998
956
794
58
103
892
975
392
826
842
660
390
114
830
870
375
649
653
102
303
841
136
428
824
501
365
566
8
404
498
959
755
968
819
306
871
904
170
28
608
176
665
829
955
992
224
434
653
740
695
621
176
675
153
254
394
37
572
597
858
996
433
707
281
791
314
344
720
962
914
890
167
143
459
610
295
251
632
840
340
29
316
860
886
273
395
1005
567
993
426
654
701
193
426
326
17
591
671
402
861
641
557
89
418
656
832
518
871
107
130
164
342
971
171
25
400
506
577
386
473
782
267
593
463
773
172
197
233
65
720
323
704
887
32
593
758
931
920
511
779
979
136
918
403
356
403
536
415
101
114
305
721
251
312
439
786
528
3
641
877
195
99
413
142
761
79
184
522
797
212
91
378
934
561
215
372
702
86
75
497
554
259
219
14
509
325
568
17
821
403
408
620
228
1008
929
432
160
980
992
85
484
941
643
44
595
386
484
90
211
850
106
189
695
490
166
876
48
464
723
587
272
622
869
330
882
95
579
468
770
113
694
176
161
112
52
23
518
500
361
610
411
597
718
25
691
1009
137
749
784
987
460
690
708
419
85
205
295
111
64
255
202
615
987
296
634
531
562
620
258
964
130
705
450
972
938
686
608
944
579
106
552
674
977
273
955
614
507
829
335
732
561
96
729
949
573
672
791
327
132
833
837
606
243
832
836
265
305
614
15
160
469
717
676
168
293
918
609
241
910
567
12
312
723
448
340
831
230
652
193
316
93
336
1020
59
565
212
263
33
355
629
113
757
163
303
639
79
86
436
584
607
309
749
494
45
471
937
474
902
875
10
963
296
230
664
87
405
912
242
145
3
943
286
731
183
686
162
721
205
742
204
809
667
533
145
538
220
632
953
103
525
140
880
376
333
656
968
23
597
275
1016
917
884
967
432
602
640
331
835
952
264
367
562
555
332
582
313
577
522
563
983
341
569
608
371
628
169
335
518
713
663
282
760
739
43
126
970
444
906
733
740
624
5
624
344
194
81
503
872
815
512
795
571
822
594
360
268
102
975
630
294
183
774
1001
727
143
128
378
537
950
164
329
58
359
398
160
496
543
54
4
282
734
500
490
578
689
172
666
112
606
47
1020
647
19
584
920
147
516
497
875
728
66
57
792
949
327
467
970
957
801
355
516
173
45
962
977
323
48
243
858
960
132
524
293
810
803
443
493
847
483
482
307
132
314
37
728
242
676
99
0
603
690
20
326
492
606
178
845
473
37
598
645
993
638
584
630
452
647
1
943
75
566
883
689
166
650
969
817
456
441
993
279
633
542
1016
627
455
244
889
1009
448
772
556
845
633
691
65
615
267
294
565
865
280
948
741
953
688
429
245
165
358
757
468
53
1003
654
814
721
265
600
144
988
868
139
509
505
267
512
223
25
227
383
534
824
358
971
123
737
857
253
9
805
510
542
41
854
764
616
89
806
918
874
663
225
454
585
23
809
437
869
966
60
607
529
979
818
902
583
113
862
233
320
210
909
965
309
329
1000
866
460
995
579
702
1020
788
746
2
159
274
914
798
329
729
241
311
760
218
682
669
1021
281
175
1004
450
604
80
424
878
116
998
89
868
445
292
41
299
771
651
872
933
325
159
528
859
806
519
907
893
537
408
100
80
50
408
634
677
480
818
1007
347
819
501
323
130
684
757
773
464
863
809
78
551
538
288
640
245
912
84
907
1001
646
573
751
169
612
992
846
695
101
557
685
602
412
841
318
2
607
557
515
425
491
533
753
694
87
83
366
963
700
495
734
289
226
280
7
143
646
81
818
12
500
552
313
280
176
733
519
82
823
626
298
473
713
304
399
234
513
649
826
455
168
390
401
644
940
706
841
457
96
975
299
338
295
588
317
697
717
912
288
819
971
754
354
294
394
115
46
535
207
13
929
48
141
128
678
151
367
30
520
111
700
1004
238
126
332
205
259
981
238
93
56
506
415
429
329
340
232
511
386
160
832
246
210
