47
20
16
46
40
15
26
59
19
29
50
30
28
12
30
12
3
36
1
18
0
18
3
39
26
9
48
37
19
7
38
21
50
51
2
20
29
2
0
3
36
45
21
32
4
5
23
30
7
35
39
3
13
41
13
30
19
24
15
32
54
52
19
21
22
28
6
52
18
45
14
2
3
53
54
41
55
62
47
41
9
10
16
19
15
4
50
35
59
2
6
53
59
42
33
40
30
2
5
11
57
60
20
59
9
62
56
45
13
0
46
45
51
29
32
13
14
51
37
9
43
60
37
34
49
52
30
14
36
53
16
15
25
3
54
59
3
11
16
53
31
15
42
53
10
38
41
50
17
19
58
28
34
31
16
54
28
9
58
14
52
17
39
37
17
37
17
42
24
6
20
8
44
19
20
27
26
35
16
1
58
11
15
60
42
43
30
21
47
3
43
33
2
41
22
50
17
32
2
31
23
54
23
14
61
29
52
62
0
37
56
5
35
56
56
52
29
63
57
48
6
57
36
29
12
57
57
38
55
38
40
41
38
6
37
54
15
51
4
43
62
22
51
35
46
8
2
55
60
48
25
46
0
24
33
27
