124
101
978
121
251
692
887
614
768
35
829
760
33
14
556
828
246
1004
607
653
303
449
289
167
124
188
30
580
492
199
141
503
876
288
261
426
40
137
302
828
308
336
277
300
297
563
247
206
1016
846
365
205
631
232
919
418
912
747
429
888
146
704
496
986
618
1008
99
454
347
678
573
35
303
667
913
644
610
841
929
930
433
290
601
87
468
679
378
990
359
593
180
630
42
948
760
487
752
270
662
413
623
1020
162
995
772
737
818
347
525
467
1007
143
14
414
749
999
1009
32
756
799
731
792
106
186
485
941
748
524
17
125
382
621
699
571
40
568
986
385
246
293
812
679
844
326
525
511
164
956
332
631
273
1018
706
369
55
234
17
524
10
649
608
0
136
918
511
626
115
804
881
1009
444
791
790
839
516
395
338
159
413
487
94
156
943
703
768
602
936
739
19
221
2
180
727
146
374
833
32
788
968
596
201
606
542
697
81
1022
331
474
56
360
577
503
266
446
92
129
204
914
287
176
513
911
1004
208
788
887
695
957
334
421
26
276
293
59
633
469
608
700
211
252
179
318
466
595
802
815
217
299
993
662
537
621
63
71
556
824
126
861
110
561
692
937
43
215
126
514
681
766
771
875
108
261
822
291
488
460
65
440
256
425
231
667
289
799
217
85
941
736
242
587
592
807
273
181
282
941
538
256
985
505
601
528
614
750
945
1
965
257
151
748
385
354
495
236
45
712
587
291
806
926
336
267
7
369
965
773
380
972
925
853
786
325
592
306
548
635
652
754
863
811
843
226
708
814
837
165
628
133
959
115
286
542
658
169
410
555
106
281
270
23
810
380
785
551
1007
828
161
162
916
969
777
997
662
256
386
66
37
265
860
357
86
189
492
597
594
29
234
734
460
400
399
247
964
899
459
151
393
876
526
11
396
19
820
925
602
359
775
488
820
190
983
202
775
932
198
895
486
427
966
351
284
385
240
313
363
780
362
901
759
721
632
902
900
970
403
393
180
976
111
184
600
883
516
589
347
86
89
388
29
498
238
111
957
708
290
514
289
766
935
720
725
961
690
357
707
90
662
347
949
562
796
490
338
626
629
381
389
709
134
73
114
854
741
436
172
542
534
743
1021
646
100
409
942
879
902
372
179
441
941
777
954
925
361
1008
949
81
821
361
387
624
285
469
592
571
105
957
652
753
74
799
620
755
987
876
842
797
697
720
408
814
853
447
19
121
692
468
249
637
14
188
635
799
994
621
752
530
950
19
754
549
720
185
330
195
308
900
932
839
595
734
363
921
621
771
217
951
1002
452
516
606
224
594
817
960
375
869
13
888
875
740
600
1008
122
7
698
881
977
848
168
516
968
70
765
268
529
806
852
578
616
852
876
553
692
175
190
641
295
961
292
335
423
568
526
856
298
757
494
468
233
332
897
794
633
261
765
933
646
120
404
417
779
125
445
978
544
835
44
184
494
357
762
530
931
429
691
280
370
555
1022
539
53
775
712
495
850
833
20
99
570
598
609
179
990
115
41
642
915
772
525
753
333
172
25
586
176
568
356
354
73
944
302
227
560
322
197
13
808
352
218
530
55
904
131
416
562
764
679
211
446
427
530
799
301
348
297
1020
565
626
585
676
10
151
876
638
132
947
74
207
24
153
145
72
967
516
75
479
623
269
96
255
676
823
809
22
5
313
60
740
959
698
501
453
506
1019
910
376
872
36
62
366
915
910
79
196
608
891
254
490
549
705
326
370
533
1010
154
767
732
885
