1828
56
3042
4037
1141
3299
2847
3437
3786
3929
1487
1643
1898
2409
4066
381
2490
3173
3122
1810
289
980
3089
3064
226
2400
3484
2473
1929
2481
214
759
925
3167
438
2015
1936
535
745
3708
3610
1518
14
2725
1822
3767
1927
2669
2131
2021
1165
3202
618
3807
248
3794
1203
3960
2090
2581
2232
392
469
3700
734
50
3408
761
3747
469
2565
465
2417
2129
271
2084
1043
1177
1814
688
2724
2496
1902
3498
3829
342
66
1668
233
587
2030
3906
1994
548
857
613
3791
2433
2204
1026
3781
255
618
273
3112
549
1090
3873
1844
1672
162
2268
3964
2797
2034
1198
3155
712
1838
802
1493
1673
1261
3696
3108
961
1705
3356
2127
3912
1230
3340
2683
2470
2630
837
2015
2551
460
2725
1067
3263
2203
4036
620
275
1180
409
2542
2403
3423
933
2155
3981
2026
636
2591
2667
1286
1358
2456
158
703
1182
2841
16
1482
3073
200
2099
243
278
2156
218
1788
2436
800
743
1599
3292
2177
1305
2729
2709
2626
342
1670
1357
405
1084
3420
2162
333
3629
3951
3122
3772
4050
1550
56
673
120
3807
3687
2288
2141
265
4043
282
1271
2991
1252
3282
2099
3465
2076
761
1941
1982
2518
3856
523
988
3447
2564
929
540
3019
3661
2164
239
1343
3036
3025
1033
1827
716
3613
438
3072
2275
2920
1086
2229
148
1345
1562
3193
3218
1815
2308
25
282
2878
3713
3705
