124
138
255
85
79
201
116
234
244
19
94
61
110
160
225
194
195
120
82
61
103
115
189
142
96
198
99
10
126
155
20
187
127
21
44
175
210
217
63
203
49
211
132
120
212
156
242
138
83
176
144
213
75
221
166
58
41
97
40
252
139
19
140
223
9
39
143
35
220
70
122
66
250
255
95
134
108
216
93
74
81
236
8
36
80
21
73
43
141
223
42
182
4
236
141
120
192
241
168
110
213
97
235
137
192
50
195
119
168
25
38
211
88
60
201
149
65
129
153
47
172
112
18
227
187
18
18
82
183
15
197
233
7
182
147
234
161
102
92
69
15
56
233
80
78
201
38
237
191
175
31
101
27
199
65
128
161
33
92
107
101
240
147
74
148
138
74
201
131
246
213
67
251
95
70
255
56
83
221
150
164
149
22
142
119
53
253
150
254
76
45
183
51
70
162
18
159
114
90
81
242
15
161
206
117
182
98
52
76
114
130
86
77
86
237
131
162
18
221
254
86
140
134
87
179
123
54
95
34
213
97
28
172
212
157
8
105
49
248
161
142
100
11
116
108
50
173
125
240
24
100
225
251
152
112
60
128
74
135
20
29
221
110
176
194
172
34
113
182
23
186
33
142
161
247
219
87
57
198
38
199
30
53
182
56
71
139
189
216
127
60
120
119
57
194
152
50
109
78
97
158
221
146
108
64
230
105
241
129
89
47
83
222
249
43
148
244
130
148
179
155
239
11
156
36
222
251
90
124
149
178
187
201
193
23
48
136
72
228
160
109
54
136
160
104
116
237
244
100
5
26
206
187
141
162
38
44
178
176
71
90
112
122
67
153
174
207
98
35
52
215
156
232
159
137
2
98
115
91
112
10
72
20
59
176
99
138
102
41
37
87
174
84
190
69
202
38
3
48
240
117
159
157
125
137
106
169
110
35
33
194
133
86
215
176
33
119
171
232
120
241
61
196
84
10
108
92
32
49
163
52
149
252
240
148
161
85
147
61
164
136
126
66
208
27
98
24
103
123
132
15
189
24
89
214
226
20
152
173
43
59
234
81
13
60
82
33
12
41
51
121
6
130
90
14
33
54
209
98
204
217
39
122
249
37
154
163
132
108
5
34
184
61
145
134
242
185
177
13
42
171
141
86
52
114
181
90
46
97
155
138
20
4
131
195
163
255
21
34
156
212
55
178
81
219
242
55
145
4
96
253
200
133
182
224
150
143
16
41
17
97
152
29
205
134
201
58
204
219
151
18
15
98
198
124
222
120
79
249
247
193
189
140
121
121
247
231
189
208
50
152
42
155
11
101
13
19
102
195
170
232
32
167
151
253
152
96
108
154
159
250
123
101
100
217
105
15
164
29
220
143
205
117
139
152
94
77
169
58
153
97
226
177
140
80
215
90
121
175
120
129
158
185
252
68
130
130
174
172
63
171
60
173
186
23
41
151
74
239
74
16
0
100
123
11
188
201
172
50
53
63
21
235
185
94
188
70
93
165
160
223
234
220
234
96
33
198
168
117
42
33
170
20
70
227
5
194
179
35
17
235
23
185
121
225
144
122
169
177
226
230
203
20
197
11
228
179
132
187
116
176
127
153
15
210
90
33
4
160
31
69
244
214
211
187
19
190
78
210
97
252
193
81
35
120
253
210
104
73
216
82
8
150
195
92
148
144
168
103
192
50
195
119
135
44
142
61
67
166
70
82
160
2
39
227
180
248
10
170
37
240
173
10
115
137
198
17
18
5
8
86
52
154
75
79
151
84
122
122
133
225
136
129
146
134
147
139
24
95
95
128
227
118
85
102
176
100
211
24
64
160
116
57
176
50
54
175
76
213
197
27
187
136
73
228
193
111
47
159
50
34
106
98
202
102
6
71
184
198
145
87
50
68
215
217
228
152
250
48
226
90
88
152
158
71
237
20
243
168
83
226
80
200
191
225
56
96
114
225
118
227
34
10
222
95
134
194
178
225
210
220
53
192
197
51
61
185
32
202
131
209
38
151
83
211
79
223
19
102
163
254
247
150
49
161
219
89
3
14
155
82
14
185
149
192
27
183
185
111
98
153
34
148
92
136
119
52
87
92
180
117
164
21
49
2
147
228
37
50
51
55
60
89
85
78
2
172
18
230
231
36
81
98
46
247
31
93
226
171
174
110
73
93
175
209
221
126
94
63
141
27
181
194
13
217
184
243
207
6
245
27
193
184
65
101
250
57
64
254
44
131
221
100
232
119
215
26
191
230
124
217
21
85
3
197
195
92
15
29
89
57
119
42
16
121
181
74
35
180
143
104
161
116
254
55
42
152
8
167
12
50
216
25
240
129
63
252
100
223
150
179
158
14
89
131
240
181
3
214
51
28
48
113
144
163
212
129
40
77
105
209
76
101
120
26
247
245
33
186
90
155
2
203
39
59
123
77
101
186
97
231
82
43
30
94
184
83
65
129
9
250
34
18
32
91
57
162
109
93
198
163
80
110
156
153
180
182
208
102
113
12
47
199
248
199
94
97
81
60
69
24
33
42
180
25
90
217
176
240
146
3
178
60
76
57
46
99
184
98
200
52
43
147
67
80
163
20
177
159
232
205
15
60
24
143
64
226
48
180
202
38
198
106
222
175
51
19
50
138
153
183
44
47
143
90
21
39
82
226
75
96
50
181
71
109
136
110
9
73
120
100
203
243
76
182
237
214
94
73
86
126
172
20
90
92
91
36
186
149
155
29
65
106
17
56
241
50
69
42
114
142
220
84
68
184
178
55
108
65
138
83
171
224
33
177
237
122
241
159
253
172
248
254
83
158
205
158
164
221
11
92
241
105
33
170
198
76
91
121
34
126
188
149
173
53
84
212
87
231
43
145
90
23
167
137
250
31
127
139
6
80
123
33
148
23
153
223
1
194
16
