212
17
181
37
74
172
248
194
80
111
245
86
102
164
63
126
132
122
192
138
242
76
61
158
66
35
51
7
160
237
7
21
206
99
230
82
186
168
109
50
223
141
74
239
152
105
153
169
205
90
79
211
219
247
204
169
165
176
10
136
228
188
215
221
94
55
57
145
162
139
253
77
76
143
9
80
75
191
107
73
222
133
215
4
146
172
122
117
179
151
144
58
54
92
229
250
123
17
164
105
43
149
225
151
160
60
179
229
165
178
3
149
143
128
112
238
236
193
86
54
60
208
162
102
217
17
143
184
97
61
123
65
63
72
27
206
149
133
91
77
193
155
139
206
232
179
142
202
25
37
128
21
2
105
106
56
178
30
120
175
201
62
184
147
210
78
207
156
170
219
206
204
28
112
81
199
48
235
114
225
201
255
44
164
144
29
231
120
120
130
75
236
139
59
220
226
254
95
5
7
14
226
100
78
106
252
145
28
26
198
113
29
38
101
130
81
130
217
89
20
170
106
49
32
80
7
20
83
29
189
197
15
164
10
36
246
65
180
70
250
12
10
255
24
89
186
174
235
105
177
54
219
140
180
164
59
85
197
133
86
177
159
95
2
73
155
160
209
164
198
155
251
214
216
213
187
123
176
223
47
179
127
100
100
164
113
94
244
34
74
35
155
65
46
40
253
100
251
223
163
112
237
242
128
168
121
172
107
149
193
58
66
114
169
240
49
102
33
208
135
36
214
191
151
187
101
120
53
249
255
49
207
61
10
18
223
236
88
63
184
56
101
149
49
48
235
232
62
47
90
156
213
165
3
240
191
50
48
231
151
70
240
102
245
113
47
32
131
34
64
110
234
224
69
35
200
95
78
3
59
228
147
246
74
93
170
139
113
27
15
141
224
102
4
243
73
41
165
4
25
142
120
37
132
83
55
75
216
120
85
61
245
50
187
20
66
88
31
2
119
209
128
36
232
8
218
220
96
190
33
181
118
216
18
160
161
148
176
128
7
52
155
190
207
222
52
202
41
56
0
136
109
38
94
79
225
112
183
231
57
12
227
128
114
54
157
215
153
7
115
56
74
221
18
61
61
6
77
101
68
91
197
10
235
90
172
130
3
40
157
91
152
41
74
147
228
16
35
116
115
57
248
197
209
131
163
19
123
243
189
243
63
52
170
75
215
194
38
166
215
248
238
175
10
115
141
138
211
34
105
249
150
65
4
209
157
203
85
190
16
51
249
2
191
238
238
130
164
138
54
148
251
148
50
82
123
132
148
23
206
171
210
60
36
236
24
237
125
1
61
117
209
93
38
84
138
156
21
166
63
66
253
138
109
98
8
123
119
226
24
84
54
156
171
91
16
69
192
230
203
19
191
112
123
56
184
151
81
154
206
45
38
130
66
131
180
48
227
236
128
244
188
191
212
52
191
56
172
51
64
177
99
25
56
139
181
177
92
35
236
217
214
108
244
118
131
78
219
117
185
88
57
146
204
158
63
53
192
229
55
135
210
124
9
116
88
233
117
93
244
110
96
225
60
118
39
38
72
114
107
149
125
87
183
235
24
249
255
49
179
204
234
195
28
244
40
148
227
185
215
197
215
74
35
233
98
84
87
61
0
148
143
105
83
178
38
46
245
89
143
161
163
173
139
109
96
177
216
168
230
120
148
160
89
167
66
52
89
218
177
254
151
212
155
7
230
226
185
186
28
173
50
151
251
62
227
118
149
3
77
226
142
45
75
151
211
132
145
