1856
3983
371
1531
1494
2304
3525
3668
1849
1621
3847
1928
2990
1828
2544
900
3042
754
2842
1534
3996
3770
2964
3437
2670
3874
3512
2209
2613
3338
1867
1524
3997
1621
2446
1879
3535
413
3799
1812
3158
3313
3099
3097
1050
2326
1943
594
694
2461
2077
2200
1743
1015
2864
3353
2299
1666
721
2260
1000
1295
12
1487
797
2637
514
2833
818
208
3030
2725
2532
2942
3189
3642
1241
2429
361
1974
3693
1479
513
907
2499
2909
1413
2505
1915
925
1209
728
3590
3709
909
1687
591
2805
3378
1254
3669
1075
383
493
1877
96
280
465
1559
410
2795
1721
2520
289
3650
448
2430
1680
3600
3138
2046
726
3935
934
779
1859
2099
2743
2852
372
652
3638
2426
559
2248
2232
3176
2273
2437
3308
1987
2559
2204
2908
137
2756
41
341
976
1970
2017
3421
301
3335
603
3815
1517
551
2453
964
124
3875
2432
3201
3470
1784
2990
1368
1268
2039
2527
2660
2757
3458
4034
2446
1151
3984
3193
1182
3700
2116
2059
762
3039
2336
2209
3138
3264
3077
3439
251
712
1475
1227
2524
4020
1026
2602
1534
628
2019
2557
1334
1953
556
1049
3297
2675
1557
1618
3273
2377
649
4001
3226
214
1147
1396
3285
2274
472
2145
2386
3576
854
3885
1043
3554
2449
2280
715
552
240
2207
3262
2845
2834
1281
732
268
1240
3437
2936
1868
2690
1661
244
1581
2777
376
2953
1429
1811
3285
2774
1162
1503
2265
1839
1621
2122
1521
2656
1695
3069
1549
697
3252
1281
3042
3599
1134
2156
505
128
4083
1856
1578
1771
2427
1900
1576
1933
2747
2574
1581
400
460
634
3704
3961
3207
755
892
3232
3453
669
504
3717
2337
9
3769
1945
386
1262
182
3129
1519
1290
3692
3035
3060
1098
1457
1201
1551
2855
330
3951
269
637
2074
986
3961
3568
871
4008
3451
2050
3547
2885
533
3752
620
2272
1466
972
2097
615
2477
2186
215
3611
1785
3239
1505
830
3564
1976
3407
327
1095
1513
3029
1566
1129
365
2836
2156
1426
4057
2764
3559
464
229
437
3590
274
475
1805
3677
2890
2342
1835
2749
333
2205
3133
3336
3741
3729
2382
2259
2366
2437
1672
1912
311
686
114
547
219
668
2950
754
1995
2111
1308
1338
1889
290
1134
1594
375
475
70
1286
3656
1591
142
3375
52
306
2561
548
3959
3
3171
823
2510
1609
81
2805
2096
1266
783
3246
2991
2078
2123
3273
1310
2966
1664
3610
1083
930
1578
2392
2404
3417
276
3440
3636
3482
3546
3484
711
1920
3871
3471
496
2548
640
275
882
748
3120
1655
366
1613
3311
1434
580
3095
1469
2147
3243
2926
2809
2261
3913
2919
286
1772
3640
2661
3178
3252
1953
1972
2811
711
734
1498
1367
809
48
1
3168
2396
2443
3744
2966
3300
2865
675
3899
3202
2557
3965
3025
721
464
1050
703
332
1456
2768
2167
2984
3808
3771
901
3335
680
3395
2724
2552
1165
3345
1820
1181
1323
2508
438
327
3260
3877
1788
1415
443
3112
2803
119
3286
2577
3938
632
2334
2964
1303
44
521
2073
2734
3418
3672
1975
2162
109
509
790
3228
3325
720
356
2744
768
615
1015
3319
3010
3071
2124
3554
763
978
81
2117
2910
3512
3530
3142
425
1770
773
2745
1948
362
2188
2939
2436
1665
893
1261
4094
1088
3168
1240
1648
1904
3789
777
178
1302
2118
7
2934
1800
3370
3874
888
1736
3872
1014
1436
945
3471
1115
994
827
908
2041
3905
1905
2721
3745
86
1112
965
1856
1487
1825
3453
654
1664
3377
2348
3965
1278
3888
3279
1655
2665
1712
50
3020
2967
2917
1746
3541
2662
3202
2568
2420
666
2955
3457
3226
460
472
2500
2904
3281
3328
2630
720
3391
1445
1185
3104
3766
1946
1820
299
235
1947
1993
3059
332
956
2964
3358
3684
3681
4029
2616
2334
1830
3150
1300
1993
3824
2839
215
3070
2024
466
3406
2083
3552
76
2359
1885
154
903
3461
220
2533
807
2709
3379
1105
2630
3797
204
2415
2218
872
2465
1872
1719
2119
3093
2368
881
1262
776
47
387
1315
1521
513
3551
850
1619
2199
2534
832
1764
3901
2303
3601
3477
1089
1251
564
2229
1954
338
1913
1492
1501
1279
2942
1733
2990
2617
3921
102
1169
3982
2447
3545
2800
2571
2890
3163
3058
3312
2497
1886
1602
3548
214
1292
