181
100
35
122
189
243
154
36
174
214
76
38
75
239
232
131
147
39
246
33
205
42
84
179
109
191
241
97
62
132
236
148
240
21
88
213
154
109
153
232
16
10
38
42
195
63
180
125
100
42
146
204
24
25
36
144
199
131
159
241
200
101
64
163
97
233
66
84
85
155
116
67
29
189
89
105
161
36
173
25
255
236
179
26
190
191
58
246
6
153
181
43
23
199
13
230
189
99
131
162
123
179
78
185
18
133
47
13
109
126
255
137
41
18
248
149
119
175
14
239
6
105
130
248
211
87
48
255
149
198
195
143
66
76
85
151
252
251
170
171
161
74
128
145
39
116
205
142
144
33
15
158
86
47
20
238
251
255
198
70
53
81
138
234
218
211
122
194
230
55
69
188
12
195
104
6
137
36
241
97
76
200
2
12
227
244
135
4
122
56
57
236
34
171
171
13
36
220
233
108
152
84
191
186
28
68
88
34
225
255
4
30
16
113
114
181
80
220
123
103
24
21
231
122
194
20
43
62
54
122
91
15
43
167
238
118
16
237
110
229
72
89
32
194
81
187
82
4
38
217
96
101
38
156
133
85
