46
57
9
27
58
26
10
44
45
8
53
9
44
57
56
5
27
36
13
32
28
33
7
47
11
63
62
43
56
39
37
45
30
57
32
10
43
59
11
62
29
14
11
10
22
9
52
34
43
42
63
52
33
63
5
0
40
44
34
56
17
17
53
25
8
55
54
52
18
60
60
29
10
1
32
26
6
12
7
47
0
19
35
27
28
36
53
39
61
22
20
47
53
37
21
41
12
49
18
18
36
26
38
13
20
59
62
46
39
2
43
57
4
26
27
8
48
30
48
45
62
54
19
9
33
3
7
7
46
4
57
7
46
17
10
16
41
14
28
49
55
56
62
2
54
8
5
23
30
17
52
56
33
26
11
62
12
53
23
6
25
45
48
30
31
63
10
16
5
48
27
60
15
55
5
12
20
52
33
17
8
24
28
56
25
56
57
52
36
24
32
46
46
52
30
18
52
5
49
14
42
10
60
56
3
43
23
2
9
2
17
25
40
52
42
44
0
14
10
17
16
48
59
14
49
6
47
55
20
25
34
44
56
53
50
46
54
6
13
55
18
22
44
15
37
60
22
60
52
52
5
53
9
24
63
35
34
59
40
53
12
3
31
43
31
44
37
7
60
31
53
15
14
15
34
13
48
7
19
37
1
6
26
55
49
42
60
18
46
34
1
26
29
13
8
49
10
23
55
54
55
15
40
43
49
58
27
27
1
55
59
14
22
23
16
39
17
1
5
52
27
36
33
24
19
26
0
6
33
47
49
13
27
40
51
59
46
7
47
28
5
49
47
20
38
43
12
57
39
55
31
62
60
18
31
59
23
4
30
46
53
15
57
38
13
1
25
25
63
0
28
38
50
38
61
59
28
46
24
12
61
30
5
24
63
50
44
9
3
16
30
31
6
54
38
38
16
25
24
41
53
7
59
34
30
4
42
58
49
53
57
4
16
9
16
28
46
39
22
43
7
18
35
61
39
40
23
0
11
58
54
44
20
7
33
23
50
0
45
54
37
57
6
35
51
32
2
14
57
9
63
57
13
37
55
56
21
21
33
28
22
39
19
45
19
25
7
36
51
43
17
9
30
1
20
25
15
15
36
54
2
48
52
43
17
25
7
16
54
27
39
3
45
42
55
62
37
34
61
31
10
44
61
41
39
61
13
53
50
33
35
53
59
8
11
21
55
56
62
37
43
42
11
62
14
0
57
6
39
25
3
59
5
8
11
13
33
28
42
48
47
19
34
41
34
36
40
41
39
13
29
14
42
25
40
15
13
23
27
29
55
12
16
22
52
35
45
5
48
28
30
56
25
46
39
42
4
2
58
26
16
9
50
54
57
15
41
45
53
48
8
55
39
22
31
6
4
37
28
45
8
20
49
33
55
43
44
37
61
5
52
7
23
29
30
21
12
14
12
31
44
51
40
52
59
43
27
6
27
25
24
61
19
7
47
2
63
57
60
44
27
19
15
36
36
41
47
16
56
63
8
10
41
40
0
33
25
38
2
30
22
48
5
54
37
46
41
32
9
47
16
55
4
4
30
18
44
12
26
59
14
12
29
58
18
21
6
9
26
10
12
20
29
42
29
25
3
2
56
3
20
9
41
2
59
49
59
30
7
22
2
5
34
5
32
30
43
24
40
50
48
38
4
55
6
8
35
17
57
61
35
48
62
37
30
61
13
38
39
9
39
47
57
6
51
51
16
63
52
41
45
31
53
39
37
46
11
48
8
34
13
22
23
53
20
20
17
21
