14
6
7
12
11
3
7
15
10
11
10
3
3
9
11
15
6
10
6
5
6
4
10
8
5
0
12
11
3
15
13
9
5
9
11
6
10
2
9
11
0
15
11
7
2
11
14
7
6
12
8
14
1
9
9
4
13
15
0
0
0
1
3
13
2
14
7
0
12
6
9
15
8
10
13
14
14
7
11
7
14
2
12
14
12
0
9
5
1
7
5
0
11
5
10
6
12
0
2
4
3
10
13
2
6
7
14
12
6
11
15
6
4
7
2
13
7
14
8
3
14
12
0
9
4
7
6
11
10
8
10
14
2
8
13
1
10
15
12
9
11
2
1
14
10
3
8
9
13
3
10
3
12
10
7
0
1
1
15
3
1
4
10
2
5
13
11
13
12
10
6
14
8
12
9
9
2
8
4
9
11
9
5
6
8
5
4
13
1
11
14
7
11
9
3
3
7
5
3
7
1
10
11
6
7
5
4
14
3
5
6
2
13
6
15
9
15
4
3
1
11
3
8
14
14
8
6
15
6
10
4
8
3
6
13
10
2
10
7
3
11
4
7
2
2
11
14
6
3
0
11
3
10
5
13
0
