7
8
15
2
8
0
12
12
12
10
12
5
10
3
12
9
15
6
10
14
15
0
8
13
4
12
14
8
10
5
0
2
12
11
0
13
7
9
14
13
14
6
5
14
14
1
9
9
12
15
6
10
1
15
10
0
15
0
15
5
14
6
8
0
9
5
10
11
11
6
8
4
5
13
2
6
13
15
15
8
15
12
13
12
3
7
2
3
10
6
6
10
1
3
8
10
9
9
1
13
4
10
7
11
5
4
15
15
4
0
4
0
2
8
6
4
14
8
11
8
5
2
4
14
15
8
14
4
8
6
9
14
4
12
1
12
6
0
13
5
12
1
12
13
14
1
10
8
12
6
15
14
6
3
0
15
2
10
5
7
6
1
0
0
6
0
4
3
8
12
6
11
12
14
11
5
11
12
1
12
13
6
13
6
13
7
2
14
9
12
15
12
4
3
0
5
15
9
5
13
1
7
15
0
9
11
2
10
2
4
3
3
8
14
5
0
5
7
13
14
4
3
1
4
0
9
4
15
4
5
13
15
12
8
5
6
10
10
14
2
1
3
7
2
8
10
1
14
7
1
10
9
5
1
1
5
12
8
15
15
3
14
8
3
10
14
8
10
10
0
1
12
2
1
5
11
15
6
4
9
0
8
9
5
11
7
7
3
8
3
8
8
0
14
9
9
7
15
15
14
8
4
7
10
12
12
13
3
10
9
5
1
9
10
4
2
4
12
13
12
1
12
13
0
15
8
3
6
4
2
0
8
5
7
2
2
0
9
1
9
14
7
14
2
6
12
1
5
5
9
0
3
5
14
1
5
1
4
3
14
12
3
12
9
5
1
13
15
8
12
11
7
7
10
13
10
3
9
0
0
15
5
6
11
1
9
7
8
6
15
2
6
1
7
13
5
15
1
6
13
5
13
10
7
8
3
12
3
4
5
7
5
11
4
5
12
11
1
15
9
2
1
10
1
5
2
15
3
14
10
9
1
1
9
3
15
14
9
10
1
0
11
6
15
8
12
1
10
4
5
12
11
4
6
0
2
6
10
7
9
7
12
6
0
5
2
4
15
3
4
10
2
5
9
7
2
9
0
11
0
6
5
15
12
1
2
2
10
6
11
9
15
1
1
13
7
7
2
3
8
10
13
5
9
2
14
12
3
15
7
8
10
3
1
3
4
5
7
9
6
3
15
6
3
2
14
7
0
5
1
6
4
8
6
5
8
11
2
12
13
1
1
12
3
15
9
11
8
6
10
0
4
6
7
4
6
8
10
5
12
6
5
7
2
3
14
9
4
3
13
15
14
1
15
0
11
10
8
2
11
13
12
0
11
9
6
6
3
3
15
15
6
7
10
4
11
12
7
14
1
5
11
0
3
7
14
13
6
10
10
12
0
7
5
1
13
1
15
0
7
14
3
12
15
2
10
14
7
7
15
14
1
0
1
15
12
14
15
4
3
11
2
14
10
13
6
10
10
9
9
11
11
0
8
8
14
15
0
0
12
2
15
1
1
4
12
13
12
9
10
11
7
8
10
4
9
15
4
12
5
13
15
2
7
3
8
1
10
7
10
1
14
10
5
2
15
15
13
15
4
14
2
15
13
0
14
9
0
8
1
15
1
14
9
5
3
6
11
1
12
10
6
14
12
12
11
13
9
15
7
9
11
10
13
0
11
6
3
5
14
13
2
12
15
2
7
9
8
1
6
3
9
14
8
7
0
13
4
9
8
14
7
10
12
12
2
0
11
