1300
3733
1834
871
942
2541
956
3413
1574
2545
1263
2052
644
2920
2996
3838
2974
3743
3898
224
1679
1379
3517
1108
3632
3368
600
1441
2261
2906
3253
380
875
4072
1536
40
3453
3267
2157
3029
1732
3714
436
309
3323
2721
43
1494
2137
1724
391
687
3162
3505
2629
3196
417
924
1246
539
2585
1078
2105
71
1695
1117
633
2775
984
2319
1609
2537
1392
3346
262
1715
975
1385
133
2287
3291
65
3939
1132
140
1596
3020
3703
1841
494
3294
2552
809
3199
2666
362
3262
853
2580
1766
673
4046
2132
2523
1814
2831
1944
3398
3521
3310
271
1865
2143
1926
3911
94
1328
247
829
2051
872
1682
1296
784
4082
1244
789
313
1420
2510
206
547
3924
2511
1654
831
543
3161
334
1097
2141
3177
2379
2512
2
2211
1127
484
1414
1991
742
17
3263
2442
545
2015
3658
2966
1203
2702
4047
509
1007
2899
1621
3710
3735
3962
358
3316
389
1082
1136
2192
1006
1135
509
1820
956
1788
2517
1732
2352
3385
3107
3643
2967
3588
1443
2480
2931
1190
3181
566
1117
3283
928
3316
3362
538
3533
1797
1551
1574
1723
2170
1493
1496
4001
3442
517
1796
2872
2811
229
60
1815
2221
2612
858
2
3600
360
3040
2800
3857
1013
3621
2495
100
3915
1372
432
1251
3325
2882
1506
1075
983
2769
2183
3866
2763
757
2478
4059
1377
291
4029
530
3181
2807
2440
3798
756
2838
1510
1678
3705
1879
3693
844
1942
3453
3532
1230
124
2327
2196
364
3489
239
403
1463
3719
1290
890
3812
1956
3717
3292
1768
3722
2724
1065
853
1758
3453
2039
3428
2988
3624
3015
1055
934
606
3130
3723
1601
2698
3624
3339
2260
1941
2082
1430
2023
585
23
1227
3903
3933
2745
3580
1280
58
291
193
2474
1155
4064
2008
2739
1004
1262
1484
1525
691
1425
553
941
2305
3437
1217
2886
1673
14
3177
2718
3955
1666
3539
3403
2356
4057
1931
1966
2156
1180
2005
2427
3897
3275
3489
3316
1141
1252
1407
858
1007
1039
480
2447
1904
2694
3542
2496
2479
127
3350
3681
390
1635
2423
1547
3272
3916
1316
1972
2379
2321
1890
3361
2730
356
2925
2361
1422
850
380
3537
368
3360
2281
300
993
1091
738
574
1577
2214
535
2779
637
1081
77
2780
3680
1977
119
1866
1127
430
3560
643
2993
1138
1896
1491
2037
655
643
3972
2568
3489
2008
3589
668
2849
4063
3110
3120
3840
2167
583
1001
289
1973
975
1714
1776
1622
1914
4085
2802
3018
2476
1902
3844
3331
1444
2001
845
1351
2567
3928
2594
2067
2263
1816
1144
1790
3057
1296
155
1112
1249
1961
3528
2369
1131
3054
2595
2675
530
567
698
3130
625
3435
317
553
1437
1052
3073
272
1134
3188
2862
4005
2138
1392
2599
290
3090
1709
1936
8
2930
3590
73
1815
3447
2324
2801
3780
2732
262
2084
333
2208
2919
3130
1602
2579
1618
2312
1439
2878
2645
459
1531
3575
436
2112
2811
1757
1067
110
1094
2903
1790
1635
3064
3377
2285
2945
3662
2786
972
27
3406
1350
3147
2820
923
1111
3877
2703
1683
2471
2719
28
3117
2346
1468
223
1299
1694
3536
2014
1862
3486
2553
1703
2212
2836
2171
699
1929
2989
927
2660
2809
4015
2823
3224
3504
2296
200
2037
2970
3916
3866
1397
3929
1810
1929
784
1076
3778
2217
3224
284
2252
1554
1004
1045
445
2808
2543
1333
2880
1472
73
426
1460
2832
2251
2639
1627
2602
366
1552
2599
6
2411
2149
908
1738
1633
3216
461
2079
3315
2147
322
3033
438
2293
2726
3354
3068
1841
2510
2986
2392
709
3426
105
3559
1631
3354
613
2936
260
2211
1459
2182
1152
1362
3069
3889
2565
1579
2701
3523
3149
2048
145
1188
2663
3139
2810
50
1118
4056
1140
420
846
2788
1048
2512
1363
1016
3073
2460
951
2658
2946
3631
2168
3405
2718
1359
1705
3603
1870
1917
2617
3393
2843
1054
2590
1999
750
3407
3033
53
4012
2052
1354
2477
1883
3423
2948
2817
3345
3150
2840
709
2796
3749
243
2785
2326
3689
2167
827
51
549
2543
800
3196
1918
653
901
1011
3048
3416
1602
2508
2234
1666
1491
1133
3727
902
2706
1066
1350
2782
980
3636
1151
3792
3467
431
2775
1508
668
3308
1247
2357
204
2602
1247
642
2794
2312
3502
3071
3822
2384
3280
1492
434
3128
3495
3255
2229
2467
2528
2438
3285
473
313
2971
3442
3281
3858
3051
1683
3993
663
1427
151
3235
2355
1191
1063
1957
1050
716
2701
2772
538
1180
2118
410
2538
3045
3926
1202
1156
2516
177
2199
67
3936
1490
2727
1158
3676
3817
4067
3453
2179
2350
924
3056
3896
488
1517
3972
1204
3479
2457
3606
2413
2755
710
3318
158
2104
1227
786
2137
3500
3714
2224
253
4052
3873
1924
2251
2300
2212
3597
3374
3978
3259
3463
204
1468
3079
3898
1879
1951
2905
2327
1203
2003
3676
3446
3986
1858
3341
1456
308
2370
1565
1161
3161
2675
1033
445
1460
1988
2857
738
3656
2828
1545
1083
2326
1897
3405
1466
3358
4011
2161
2625
180
1016
3530
4025
3108
2358
2793
2662
2482
929
2658
3943
1165
3071
2572
121
1678
1544
3232
2316
676
878
3470
449
1405
1345
3218
3015
1683
423
848
3189
4042
1626
2220
3674
1738
3360
390
2785
520
4019
110
3732
2455
1903
334
2635
2014
1644
2276
2147
3138
482
3231
3727
1401
1326
2160
3248
710
3008
486
1360
3222
3376
3399
3815
813
1065
2756
2403
2796
1402
412
2754
1407
2207
2257
1855
1657
574
1590
1799
492
685
1067
3629
1898
2660
708
372
3172
3218
1456
3933
2859
3059
4081
3175
105
1930
1121
3941
3227
573
222
1376
1877
1748
1411
739
2858
3747
3856
1069
2784
1519
1604
485
1472
1264
2519
1857
3722
1074
250
60
3488
626
1946
2775
1619
216
2365
724
3461
2133
1093
2573
1426
67
2217
2373
1862
3659
3372
1921
3546
3396
1047
3162
680
3894
1636
4053
1237
2806
2564
4092
2574
3651
1800
3514
3677
153
1407
499
498
2426
702
2991
234
2409
2978
3757
656
3526
3809
301
1343
409
4047
1843
320
682
3106
771
1630
528
292
4048
260
1588
3563
976
108
3559
485
3476
369
2545
3932
1305
1035
819
215
1196
990
3345
2962
2891
1856
605
41
1178
1159
2500
252
516
1921
2930
347
1619
1064
1716
1809
2458
1676
1254
1985
4011
3315
2897
2737
2867
1977
3280
2943
176
3644
2144
2839
344
507
71
3905
2277
1619
641
3711
2542
2830
3729
3326
2253
3917
1260
2520
3266
727
1682
1757
2765
3785
1143
1338
3966
230
1430
1389
3442
2495
2453
1316
3428
2121
4007
877
1628
2075
423
2085
3524
377
2732
1347
2603
2921
3910
2842
1374
3017
2937
1184
2295
462
1933
39
740
1560
2404
2910
531
1166
802
3726
3521
1164
2630
1647
2628
3246
4093
3479
995
2188
1471
2642
1961
1245
3876
1739
3098
1888
473
384
1231
2031
3106
3933
1120
720
3665
1999
733
1675
2349
342
1208
2293
730
3529
391
3164
680
3231
1267
2748
3694
3910
1209
1259
1386
1633
1259
3386
1881
1885
1357
3738
997
1611
2988
165
4042
855
1094
3902
4075
4095
2817
451
2011
3637
4084
2635
1377
2270
1229
2694
2901
1450
110
3343
1814
1178
