262
369
344
355
44
807
614
336
266
882
248
528
78
258
341
844
328
508
210
265
143
273
520
607
819
557
831
305
906
506
135
503
914
560
65
915
455
183
577
678
105
768
848
890
30
296
654
809
838
947
252
819
307
707
330
766
379
642
900
259
996
278
169
230
947
429
442
372
880
410
518
622
617
935
889
480
882
574
404
183
602
702
542
262
644
987
493
225
508
296
882
568
1
572
561
192
759
795
129
904
954
830
119
892
145
22
96
76
220
848
954
321
23
299
439
635
838
584
480
432
795
857
409
810
504
756
694
853
819
50
985
942
654
910
506
354
627
561
178
828
975
118
782
405
671
357
572
253
919
234
576
865
220
592
407
860
361
275
8
518
994
436
289
606
397
468
380
328
677
360
314
970
767
284
884
886
325
345
764
689
885
939
563
611
717
232
190
22
696
56
105
138
181
346
469
916
408
243
241
592
711
406
894
863
692
94
617
85
431
912
100
259
447
341
838
154
264
506
620
678
1014
1004
318
1008
313
137
254
361
732
491
878
765
927
835
588
196
766
953
231
439
385
924
950
549
572
301
161
687
306
837
265
550
561
439
849
1001
